0.0 3.557167025648832e-07
2.0 3.9580582336127356e-07
4.0 3.9865671093790643e-07
6.0 4.018800046352369e-07
8.0 4.0595711005670453e-07
10.0 4.10848333190208e-07
12.0 4.1646199324499225e-07
14.0 4.227687104854672e-07
16.0 4.2975263387833687e-07
18.0 4.3731598843655285e-07
20.0 4.4552915876183955e-07
22.0 4.544319592412994e-07
24.0 4.6365067618692965e-07
26.0 4.7305768222619807e-07
28.0 4.826703236834683e-07
30.0 4.924841046244409e-07
32.0 5.025020912871423e-07
34.0 5.126349230000249e-07
36.0 5.229689945750983e-07
38.0 5.334901142046509e-07
40.0 5.439989061812644e-07
42.0 5.546361182497808e-07
44.0 5.654306304606645e-07
46.0 5.763329307274783e-07
48.0 5.873132332166739e-07
50.0 5.983437007063618e-07